  n  player  taxman  diff
  1       1       0      -1
  2       1       2       1
  3       3       3       0
  4       3       7       4
  5       6       9       3
  6       6      15       9
  7      11      17       6
  8      15      21       6
  9      15      30      15
 10      15      40      25
 11      22      44      22
 12      30      48      18
 13      41      50       9
 14      39      66      27
 15      48      72      24
 16      56      80      24
 17      69      84      15
 18      69     102      33
 19      86     104      18
 20      86     124      38
 21      96     135      39
 22      96     157      61
 23     115     161      46
 24     127     173      46
 25     127     198      71
 26     127     224      97
 27     146     232      86
 28     142     264     122
 29     165     270     105
 30     165     300     135
 31     194     302     108
 32     210     318     108
 33     224     337     113
 34     224     371     147
 35     270     360      90
 36     270     396     126
 37     301     402     101
 38     301     440     139
 39     323     457     134
 40     343     477     134
 41     380     481     101
 42     380     523     143
 43     421     525     104
 44     419     571     152
 45     466     569     103
 46     466     615     149
 47     509     619     110
 48     533     643     110
 49     533     692     159
 50     533     742     209
 51     559     767     208
 52     559     819     260
 53     606     825     219
 54     606     879     273
 55     674     866     192
 56     674     922     248
 57     708     945     237
 58     708    1003     295
 59     761    1009     248
 60     789    1041     252
 61     848    1043     195
 62     848    1105     257
 63     888    1128     240
 64     920    1160     240
 65     920    1225     305
 66     920    1291     371
 67     981    1297     316
 68     981    1365     384
 69    1058    1357     299
 70    1048    1437     389
 71    1115    1441     326
 72    1115    1513     398
 73    1186    1515     329
 74    1186    1589     403
 75    1156    1694     538
 76    1156    1770     614
 77    1205    1798     593
 78    1235    1846     611
 79    1308    1852     544
 80    1344    1896     552
 81    1393    1928     535
 82    1393    2010     617
 83    1472    2014     542
 84    1468    2102     634
 85    1523    2132     609
 86    1523    2218     695
 87    1620    2208     588
 88    1664    2252     588
 89    1747    2258     511
 90    1747    2348     601
 91    1812    2374     562
 92    1812    2466     654
 93    1870    2501     631
 94    1870    2595     725
 95    1927    2633     706
 96    1975    2681     706
 97    2064    2689     625
 98    2064    2787     723
 99    2106    2844     738
100    2146    2904     758
101    2243    2908     665
102    2243    3010     767
103    2344    3012     668
104    2396    3064     668
105    2446    3119     673
106    2446    3225     779
107    2549    3229     680
108    2565    3321     756
109    2672    3323     651
110    2672    3433     761
111    2734    3482     748
112    2790    3538     748
113    2899    3542     643
114    2899    3656     757
115    2968    3702     734
116    2968    3818     850
117    2968    3935     967
118    2968    4053    1085
119    3053    4087    1034
120    3113    4147    1034
121    3190    4191    1001
122    3190    4313    1123
123    3264    4362    1098
124    3264    4486    1222
125    3327    4548    1221
126    3327    4674    1347
127    3440    4688    1248
128    3440    4816    1376
129    3522    4863    1341
130    3522    4993    1471
131    3649    4997    1348
132    3737    5041    1304
133    3832    5079    1247
134    3832    5213    1381
135    3955    5225    1270
136    4023    5293    1270
137    4154    5299    1145
138    4154    5437    1283
139    4291    5439    1148
140    4295    5575    1280
141    4381    5630    1249
142    4381    5772    1391
143    4593    5703    1110
144    4593    5847    1254
145    4680    5905    1225
146    4680    6051    1371
147    4680    6198    1518
148    4680    6346    1666
149    4819    6356    1537
150    4915    6410    1495
151    5064    6412    1348
152    5140    6488    1348
153    5110    6671    1561
154    5088    6847    1759
155    5181    6909    1728
156    5345    6901    1556
157    5496    6907    1411
158    5496    7065    1569
159    5590    7130    1540
160    5662    7218    1556
161    5777    7264    1487
162    5777    7426    1649
163    5934    7432    1498
164    5934    7596    1662
165    5949    7746    1797
166    5949    7912    1963
167    6112    7916    1804
168    6196    8000    1804
169    6196    8169    1973
170    6196    8339    2143
171    6196    8510    2314
172    6196    8682    2486
173    6363    8688    2325
174    6363    8862    2499
175    6587    8813    2226
176    6667    8909    2242
177    6773    8980    2207
178    6773    9158    2385
179    6946    9164    2218
180    7006    9284    2278
181    7185    9286    2101
182    7159    9494    2335
183    7277    9559    2282
184    7369    9651    2282
185    7480    9725    2245
186    7480    9911    2431
187    7742    9836    2094
188    7742   10024    2282
189    7778   10177    2399
190    7778   10367    2589
191    7959   10377    2418
192    8055   10473    2418
193    8246   10475    2229
194    8246   10669    2423
195    8285   10825    2540
196    8257   11049    2792
197    8450   11053    2603
198    8450   11251    2801
199    8647   11253    2606
200    8747   11353    2606
201    8869   11432    2563
202    8869   11634    2765
203    9014   11692    2678
204    9150   11760    2610
205    9273   11842    2569
206    9273   12048    2775
207    9351   12177    2826
208    9455   12281    2826
209    9588   12357    2769
210    9574   12581    3007
211    9773   12593    2820
212    9773   12805    3032
213    9907   12884    2977
214    9907   13098    3191
215   10036   13184    3148
216   10068   13368    3300
217   10223   13430    3207
218   10223   13648    3425
219   10365   13725    3360
220   10477   13833    3356
221   10833   13698    2865
222   10833   13920    3087
223   11044   13932    2888
224   11012   14188    3176
225   11099   14326    3227
226   11099   14552    3453
227   11322   14556    3234
228   11474   14632    3158
229   11701   14634    2933
230   11701   14864    3163
231   11934   14862    2928
232   12050   14978    2928
233   12279   14982    2703
234   12279   15216    2937
235   12420   15310    2890
236   12420   15546    3126
237   12566   15637    3071
238   12532   15909    3377
239   12765   15915    3150
240   12985   15935    2950
241   13224   15937    2713
242   13224   16179    2955
243   13358   16288    2930
244   13358   16532    3174
245   13358   16777    3419
246   13358   17023    3665
247   13358   17270    3912
248   13482   17394    3912
249   13640   17485    3845
250   13640   17735    4095
251   13881   17745    3864
252   13725   18153    4428
253   14095   18036    3941
254   14095   18290    4195
255   14156   18484    4328
256   14284   18612    4328
257   14535   18618    4083
258   14535   18876    4341
259   14720   18950    4230
260   14932   18998    4066
261   15034   19157    4123
262   15034   19419    4385
263   15291   19425    4134
264   15423   19557    4134
265   15582   19663    4081
266   15544   19967    4423
267   15710   20068    4358
268   15710   20336    4626
269   15973   20342    4369
270   15973   20612    4639
271   16242   20614    4372
272   16378   20750    4372
273   16378   21023    4645
274   16378   21297    4919
275   16553   21397    4844
276   16737   21489    4752
277   17008   21495    4487
278   17008   21773    4765
279   17008   22052    5044
280   17008   22332    5324
281   17285   22336    5051
282   17285   22618    5333
283   17566   22620    5054
284   17566   22904    5338
285   17795   22960    5165
286   17949   23092    5143
287   18154   23174    5020
288   18298   23318    5020
289   18519   23386    4867
290   18519   23676    5157
291   18697   23789    5092
292   18697   24081    5384
293   18980   24091    5111
294   18980   24385    5405
295   19157   24503    5346
296   19305   24651    5346
297   19238   25015    5777
298   19238   25313    6075
299   19238   25612    6374
300   19354   25796    6442
301   19569   25882    6313
302   19569   26184    6615
303   19763   26293    6530
304   19915   26445    6530
305   20098   26567    6469
306   20098   26873    6775
307   20391   26887    6496
308   20269   27317    7048
309   20471   27424    6953
310   20471   27734    7263
311   20778   27738    6960
312   20934   27894    6960
313   21245   27896    6651
314   21245   28210    6965
315   21553   28217    6664
316   21553   28533    6980
317   21866   28537    6671
318   21866   28855    6989
319   22322   28718    6396
320   22466   28894    6428
321   22672   29009    6337
322   22626   29377    6751
323   23162   29164    6002
324   23178   29472    6294
325   23343   29632    6289
326   23343   29958    6615
327   23557   30071    6514
328   23721   30235    6514
329   23956   30329    6373
330   23956   30659    6703
331   24273   30673    6400
332   24273   31005    6732
333   24273   31338    7065
334   24273   31672    7399
335   24474   31806    7332
336   24642   31974    7332
337   24973   31980    7007
338   24973   32318    7345
339   25191   32439    7248
340   25307   32663    7356
341   25524   32787    7263
342   25524   33129    7605
343   25524   33472    7948
344   25696   33644    7948
345   25903   33782    7879
346   25903   34128    8225
347   26240   34138    7898
348   26428   34298    7870
349   26775   34300    7525
350   26775   34650    7875
351   26695   35081    8386
352   26695   35433    8738
353   27044   35437    8393
354   27044   35791    8747
355   27257   35933    8676
356   27257   36289    9032
357   27427   36476    9049
358   27427   36834    9407
359   27780   36840    9060
360   27780   37200    9420
361   27780   37561    9781
362   27780   37923   10143
363   27902   38164   10262
364   28034   38396   10362
365   28253   38542   10289
366   28253   38908   10655
367   28612   38916   10304
368   28796   39100   10304
369   28796   39469   10673
370   28796   39839   11043
371   29061   39945   10884
372   29309   40069   10760
373   29676   40075   10399
374   29676   40449   10773
375   29865   40635   10770
376   30053   40823   10770
377   30053   41200   11147
378   30053   41578   11525
379   30426   41584   11158
380   30426   41964   11538
381   30652   42119   11467
382   30652   42501   11849
383   31031   42505   11474
384   31287   42633   11346
385   31532   42773   11241
386   31532   43159   11627
387   31532   43546   12014
388   31532   43934   12402
389   31915   43940   12025
390   32121   44124   12003
391   32743   43893   11150
392   32687   44341   11654
393   32941   44480   11539
394   32941   44874   11933
395   33178   45032   11854
396   33178   45428   12250
397   33567   45436   11869
398   33567   45834   12267
399   33762   46038   12276
400   33878   46322   12444
401   34275   46326   12051
402   34275   46728   12453
403   34594   46812   12218
404   34594   47216   12622
405   35163   47052   11889
406   35105   47516   12411
407   35705   47323   11618
408   35909   47527   11618
409   36310   47535   11225
410   36310   47945   11635
411   36572   48094   11522
412   36572   48506   11934
413   36867   48624   11757
414   36867   49038   12171
415   37116   49204   12088
416   37116   49620   12504
417   37390   49763   12373
418   37390   50181   12791
419   37799   50191   12392
420   37995   50415   12420
421   38414   50417   12003
422   38414   50839   12425
423   38414   51262   12848
424   38626   51474   12848
425   38626   51899   13273
426   38626   52325   13699
427   38931   52447   13516
428   38931   52875   13944
429   39719   52516   12797
430   39719   52946   13227
431   40140   52956   12816
432   40204   53324   13120
433   40635   53326   12691
434   40573   53822   13249
435   40678   54152   13474
436   40678   54588   13910
437   41039   54664   13625
438   41039   55102   14063
439   41472   55108   13636
440   41692   55328   13636
441   41927   55534   13607
442   41927   55976   14049
443   42366   55980   13614
444   42662   56128   13466
445   42929   56306   13377
446   42929   56752   13823
447   43207   56921   13714
448   43143   57433   14290
449   43586   57439   13853
450   43736   57739   14003
451   44023   57903   13880
452   44023   58355   14332
453   44321   58510   14189
454   44321   58964   14643
455   44921   58819   13898
456   45149   59047   13898
457   45598   59055   13457
458   45598   59513   13915
459   45390   60180   14790
460   45742   60288   14546
461   46199   60292   14093
462   46199   60754   14555
463   46660   60756   14096
464   46892   60988   14096
465   47171   61174   14003
466   47171   61640   14469
467   47634   61644   14010
468   48010   61736   13726
469   48345   61870   13525
470   48345   62340   13995
471   48647   62509   13862
472   48883   62745   13862
473   49184   62917   13733
474   49184   63391   14207
475   49184   63866   14682
476   48912   64614   15702
477   48912   65091   16179
478   48912   65569   16657
479   49379   65581   16202
480   49595   65845   16250
481   50002   65919   15917
482   50002   66401   16399
483   50002   66884   16882
484   49980   67390   17410
485   50271   67584   17313
486   50271   68070   17799
487   50750   68078   17328
488   50994   68322   17328
489   51308   68497   17189
490   51238   69057   17819
491   51725   69061   17336
492   52053   69225   17172
493   52821   68950   16129
494   52821   69444   16623
495   53056   69704   16648
496   53304   69952   16648
497   53659   70094   16435
498   53659   70592   16933
499   54150   70600   16450
500   54150   71100   16950
501   54476   71275   16799
502   54476   71777   17301
503   54975   71781   16806
504   55199   72061   16862
505   55502   72263   16761
506   55502   72769   17267
507   55502   73276   17774
508   55502   73784   18282
509   56005   73790   17785
510   56375   73930   17555
511   56740   74076   17336
512   56996   74332   17336
513   56987   74854   17867
514   56987   75368   18381
515   57296   75574   18278
516   57640   75746   18106
517   57969   75934   17965
518   57895   76526   18631
519   58229   76711   18482
520   58489   76971   18482
521   58998   76983   17985
522   58998   77505   18507
523   59519   77507   17988
524   59519   78031   18512
525   59739   78336   18597
526   59739   78862   19123
527   60142   78986   18844
528   60142   79514   19372
529   60142   80043   19901
530   60142   80573   20431
531   60142   81104   20962
532   60042   81736   21694
533   60493   81818   21325
534   60493   82352   21859
535   60814   82566   21752
536   61082   82834   21752
537   61428   83025   21597
538   61428   83563   22135
539   61771   83759   21988
540   62035   84035   22000
541   62558   84053   21495
542   62558   84595   22037
543   62916   84780   21864
544   63188   85052   21864
545   63515   85270   21755
546   63535   85796   22261
547   64076   85802   21726
548   64076   86350   22274
549   64076   86899   22823
550   64076   87449   23373
551   65006   87070   22064
552   65282   87346   22064
553   65677   87504   21827
554   65677   88058   22381
555   66240   88050   21810
556   66240   88606   22366
557   66787   88616   21829
558   66787   89174   22387
559   66787   89733   22946
560   67039   90041   23002
561   67563   90078   22515
562   67563   90640   23077
563   68120   90646   22526
564   68496   90834   22338
565   68835   91060   22225
566   68835   91626   22791
567   69332   91696   22364
568   69616   91980   22364
569   70179   91986   21807
570   70467   92268   21801
571   71036   92270   21234
572   71036   92842   21806
573   71398   93053   21655
574   71316   93709   22393
575   71351   94249   22898
576   71351   94825   23474
577   71922   94831   22909
578   71922   95409   23487
579   72304   95606   23302
580   72304   96186   23882
581   72719   96352   23633
582   72719   96934   24215
583   73563   96673   23110
584   73855   96965   23110
585   74353   97052   22699
586   74353   97638   23285
587   74930   97648   22718
588   74930   98236   23306
589   74930   98825   23895
590   74930   99415   24485
591   75316   99620   24304
592   75612   99916   24304
593   76199   99922   23723
594   76199  100516   24317
595   76624  100686   24062
596   76624  101282   24658
597   77018  101485   24467
598   77018  102083   25065
599   77611  102089   24478
600   77911  102389   24478
601   78510  102391   23881
602   78424  103079   24655
603   78424  103682   25258
604   78424  104286   25862
605   78809  104506   25697
606   78809  105112   26303
607   79410  105118   25708
608   79634  105502   25868
609   80223  105522   25299
610   80223  106132   25909
611   80740  106226   25486
612   80192  107386   27194
613   80799  107392   26593
614   80799  108006   27207
615   81154  108266   27112
616   81054  108982   27928
617   81667  108986   27319
618   81667  109604   27937
619   82284  109606   27322
620   82588  109922   27334
621   82680  110451   27771
622   82680  111073   28393
623   83125  111251   28126
624   83425  111575   28150
625   83776  111849   28073
626   83776  112475   28699
627   84270  112608   28338
628   84270  113236   28966
629   85278  112857   27579
630   85488  113277   27789
631   86107  113289   27182
632   86423  113605   27182
633   86821  113840   27019
634   86821  114474   27653
635   87202  114728   27526
636   87626  114940   27314
637   87626  115577   27951
638   87626  116215   28589
639   87626  116854   29228
640   87914  117206   29292
641   88545  117216   28671
642   88545  117858   29313
643   89186  117860   28674
644   88818  118872   30054
645   89205  119130   29925
646   89205  119776   30571
647   89848  119780   29932
648   89944  120332   30388
649   90357  120568   30211
650   90357  121218   30861
651   90667  121559   30892
652   90667  122211   31544
653   91314  122217   30903
654   91314  122871   31557
655   91707  123133   31426
656   92035  123461   31426
657   92035  124118   32083
658   91941  124870   32929
659   92594  124876   32282
660   93214  124916   31702
661   93873  124918   31045
662   93873  125580   31707
663   94948  125168   30220
664   95280  125500   30220
665   96112  125333   29221
666   96112  125999   29887
667   97192  125586   28394
668   97192  126254   29062
669   97614  126501   28887
670   97614  127171   29557
671   98041  127415   29374
672   97945  128183   30238
673   98606  128195   29589
674   98606  128869   30263
675   98747  129403   30656
676   98747  130079   31332
677   99420  130083   30663
678   99420  130761   31341
679   99905  130955   31050
680  100245  131295   31050
681  100691  131530   30839
682  100691  132212   31521
683  101368  132218   30850
684  101368  132902   31534
685  101779  133176   31397
686  101709  133932   32223
687  102163  134165   32002
688  102507  134509   32002
689  103090  134615   31525
690  103160  135235   32075
691  103843  135243   31400
692  103843  135935   32092
693  104248  136223   31975
694  104248  136917   32669
695  104665  137195   32530
696  105013  137543   32530
697  105546  137707   32161
698  105546  138405   32859
699  106004  138646   32642
700  106744  138606   31862
701  107435  138616   31181
702  107435  139318   31883
703  108064  139392   31328
704  108416  139744   31328
705  108839  140026   31187
706  108839  140732   31893
707  109344  140934   31590
708  109816  141170   31354
709  110517  141178   30661
710  110517  141888   31371
711  110517  142599   32082
712  110873  142955   32082
713  111462  143079   31617
714  111462  143793   32331
715  111462  144508   33046
716  111462  145224   33762
717  111928  145475   33547
718  111928  146193   34265
719  112637  146203   33566
720  113201  146359   33158
721  113716  146565   32849
722  113716  147287   33571
723  114194  147532   33338
724  114194  148256   34062
725  114539  148636   34097
726  114539  149362   34823
727  115258  149370   34112
728  115258  150098   34840
729  115236  150849   35613
730  115236  151579   36343
731  115795  151751   35956
732  116283  151995   35712
733  117010  152001   34991
734  117010  152735   35725
735  117010  153470   36460
736  117010  154206   37196
737  117479  154474   36995
738  117479  155212   37733
739  118212  155218   37006
740  118580  155590   37010
741  118580  156331   37751
742  118474  157179   38705
743  119213  157183   37970
744  119585  157555   37970
745  120032  157853   37821
746  120032  158599   38567
747  120032  159346   39314
748  119998  160128   40130
749  120533  160342   39809
750  120645  160980   40335
751  121388  160988   39600
752  121764  161364   39600
753  122246  161635   39389
754  122246  162389   40143
755  122699  162691   39992
756  122863  163283   40420
757  123614  163289   39675
758  123614  164047   40433
759  125427  162993   37566
760  125807  163373   37566
761  126564  163377   36813
762  126564  164139   37575
763  127109  164357   37248
764  127109  165121   38012
765  127908  165087   37179
766  127908  165853   37945
767  128557  165971   37414
768  128941  166355   37414
769  129702  166363   36661
770  129592  167243   37651
771  130094  167512   37418
772  130094  168284   38190
773  130863  168288   37425
774  130863  169062   38199
775  130863  169837   38974
776  131251  170225   38974
777  131650  170603   38953
778  131650  171381   39731
779  131650  172160   40510
780  132126  172464   40338
781  132623  172748   40125
782  132623  173530   40907
783  132739  174197   41458
784  132739  174981   42242
785  133210  175295   42085
786  133210  176081   42871
787  133983  176095   42112
788  133983  176883   42900
789  134497  177158   42661
790  134497  177948   43451
791  135062  178174   43112
792  135062  178966   43904
793  135733  179088   43355
794  135733  179882   44149
795  136580  179830   43250
796  136580  180626   44046
797  137367  180636   43269
798  137367  181434   44067
799  138675  180925   42250
800  138675  181725   43050
801  138675  182526   43851
802  138675  183328   44653
803  139186  183620   44434
804  139722  183888   44166
805  140752  183663   42911
806  140752  184469   43717
807  141278  184750   43472
808  141682  185154   43472
809  142479  185166   42687
810  142479  185976   43497
811  143288  185978   42690
812  142824  187254   44430
813  143362  187529   44167
814  143362  188343   44981
815  143851  188669   44818
816  144259  189077   44818
817  144990  189163   44173
818  144990  189981   44991
819  145290  190500   45210
820  145290  191320   46030
821  146101  191330   45229
822  146101  192152   46051
823  146922  192154   45232
824  147334  192566   45232
825  146929  193796   46867
826  146811  194740   47929
827  147634  194744   47110
828  147634  195572   47938
829  148461  195574   47113
830  148461  196404   47943
831  149003  196693   47690
832  149419  197109   47690
833  149419  197942   48523
834  149419  198776   49357
835  149920  199110   49190
836  149882  199984   50102
837  150441  200262   49821
838  150441  201100   50659
839  151270  201110   49840
840  151690  201530   49840
841  152357  201704   49347
842  152357  202546   50189
843  152911  202835   49924
844  152911  203679   50768
845  152911  204524   51613
846  152911  205370   52459
847  153450  205678   52228
848  153874  206102   52228
849  154436  206389   51953
850  155154  206521   51367
851  155857  206669   50812
852  156425  206953   50528
853  157264  206967   49703
854  157142  207943   50801
855  158035  207905   49870
856  158463  208333   49870
857  159316  208337   49021
858  159316  209195   49879
859  160173  209197   49024
860  160173  210057   49884
861  160173  210918   50745
862  160173  211780   51607
863  161032  211784   50752
864  161464  212216   50752
865  161983  212562   50579
866  161983  213428   51445
867  162425  213853   51428
868  162277  214869   52592
869  162830  215185   52355
870  163160  215725   52565
871  163897  215859   51962
872  164333  216295   51962
873  164333  217168   52835
874  164333  218042   53709
875  165894  217356   51462
876  166478  217648   51170
877  167341  217662   50321
878  167341  218540   51199
879  167907  218853   50946
880  169119  218521   49402
881  169996  218525   48529
882  169996  219407   49411
883  170877  219409   48532
884  170877  220293   49416
885  171818  220237   48419
886  171818  221123   49305
887  172701  221127   48426
888  173145  221571   48426
889  173780  221825   48045
890  173780  222715   48935
891  173384  224002   50618
892  173384  224894   51510
893  173384  225787   52403
894  173384  226681   53297
895  173921  227039   53118
896  173921  227935   54014
897  174428  228325   53897
898  174428  229223   54795
899  175982  228568   52586
900  176210  229240   53030
901  177698  228653   50955
902  177698  229555   51857
903  177698  230458   52760
904  178150  230910   52760
905  178693  231272   52579
906  178693  232178   53485
907  179580  232198   52618
908  179580  233106   53526
909  179580  234015   54435
910  179970  234535   54565
911  180877  234539   53662
912  181333  234995   53662
913  181914  235327   53413
914  181914  236241   54327
915  182893  236177   53284
916  182893  237093   54200
917  183548  237355   53807
918  183548  238273   54725
919  184459  238281   53822
920  184459  239201   54742
921  185045  239536   54491
922  185045  240458   55413
923  185826  240600   54774
924  185474  241876   56402
925  185474  242801   57327
926  185474  243727   58253
927  185474  244654   59180
928  185938  245118   59180
929  186857  245128   58271
930  186857  246058   59201
931  186857  246989   60132
932  186857  247921   61064
933  187471  248240   60769
934  187471  249174   61703
935  188076  249504   61428
936  188076  250440   62364
937  189005  250448   61443
938  188871  251520   62649
939  189493  251837   62344
940  189493  252777   63284
941  190430  252781   62351
942  190430  253723   63293
943  191209  253887   62678
944  191681  254359   62678
945  192049  254936   62887
946  192049  255882   63833
947  192990  255888   62898
948  193622  256204   62582
949  194425  256350   61925
950  194425  257300   62875
951  195051  257625   62574
952  195051  258577   63526
953  195998  258583   62585
954  195998  259537   63539
955  196571  259919   63348
956  196571  260875   64304
957  197483  260920   63437
958  197483  261878   64395
959  198168  262152   63984
960  198600  262680   64080
961  198600  263641   65041
962  198600  264603   66003
963  198600  265566   66966
964  198600  266530   67930
965  199179  266916   67737
966  199713  267348   67635
967  200666  267362   66696
968  201150  267846   66696
969  202222  267743   65521
970  202222  268713   66491
971  203189  268717   65528
972  203237  269641   66404
973  203932  269919   65987
974  203932  270893   66961
975  203142  272658   69516
976  203630  273146   69516
977  204601  273152   68551
978  204601  274130   69529
979  205224  274486   69262
980  205758  274932   69174
981  205758  275913   70155
982  205758  276895   71137
983  206735  276901   70166
984  207227  277393   70166
985  207818  277787   69969
986  207818  278773   70955
987  208700  278878   70178
988  208700  279866   71166
989  209517  280038   70521
990  209517  281028   71511
991  210500  281036   70536
992  210500  282028   71528
993  211134  282387   71253
994  210992  283523   72531
995  211589  283921   72332
996  212253  284253   72000
997  213244  284259   71015
998  213244  285257   72013
999  213392  286108   72716
1000  213892  286608   72716
